camera_matrix:
- [1129.279053, 0.000000, 580.789856]
- [0.000000, 1129.273560, 474.174500]
- [ 0.000000, 0.000000, 1.000000]

dist_coeff:
- [-0.434153, 0.244242, 0.000904, 0.000447, -0.059453 ]